BH3                                                                     
  0  4  2 13  2 20  9  0  0  0  0  0  0  0  0
  1  1  a
  0
    1    1
    3    1    1    1
    1    1    1
    1
    3    3    2
    0    0    1
    1    0    0
    0    1    0
    3    1    1
    116.4340000        0.0629605
     17.4314000        0.3633040
      3.6801600        0.6972550
    2    1    1
      2.2818700       -0.3686620
      0.4652480        1.1994400
    1    1    1
      0.1243280        1.0000000
    1    1    1
      0.0315000        1.0000000
    2    2    1
      2.2818700        0.2311520
      0.4652480        0.8667640
    1    2    1
      0.1243280        1.0000000
    1    2    1
      0.0315000        1.0000000
    2    1    1
      5.4471780        0.1562850
      0.8245470        0.9046910
    1    1    1
      0.1831920        1.0000000
    2    1    1
      5.4471780        0.1562850
      0.8245470        0.9046910
    1    1    1
      0.1831920        1.0000000
    2    1    1
      5.4471780        0.1562850
      0.8245470        0.9046910
    1    1    1
      0.1831920        1.0000000
B    7  1 5.
    0.00000000    0.00000000    0.00000000
  1  1
  2  1
  3  1
  4  1
  5  2
  6  2
  7  2
H    2  1 1.
    0.00000000    2.24106969    0.00000000
  8  1
  9  1
H    2  1 1.
    0.00000000   -1.12053390    1.94082244
 10  1
 11  1
H    2  1 1.
    0.00000000   -1.12053390   -1.94082244
 12  1
 13  1
