test                                                                 
  0  2  2 10  2 20  9  0  0  0  0  0  0  0  0
  1  1  a
  0
    1    1
    3    1    1    1
    1    1    1
    1
    3    3    2
    0    0    1
    1    0    0
    0    1    0
    6    1    1
   4173.5110000        0.0018348
    627.4579000        0.0139950
    142.9021000        0.0685870
     40.2343300        0.2322410
     12.8202100        0.4690700
      4.3904370        0.3604550
    3    1    1
     11.6263580       -0.1149610
      2.7162800       -0.1691180
      0.7722180        1.1458520
    1    1    1
      0.2120313        1.0000000
    3    2    1
     11.6263580        0.0675800
      2.7162800        0.3239070
      0.7722180        0.7408950
    1    2    1
      0.2120313        1.0000000
    6    1    1
   4173.5110000        0.0018348
    627.4579000        0.0139950
    142.9021000        0.0685870
     40.2343300        0.2322410
     12.8202100        0.4690700
      4.3904370        0.3604550
    3    1    1
     11.6263580       -0.1149610
      2.7162800       -0.1691180
      0.7722180        1.1458520
    1    1    1
      0.2120313        1.0000000
    3    2    1
     11.6263580        0.0675800
      2.7162800        0.3239070
      0.7722180        0.7408950
    1    2    1
      0.2120313        1.0000000
N    5  1 7.
    0.00000000    0.00000000   -0.94500000
  1  1
  2  1
  3  1
  4  2
  5  2
N    5  1 7.
    0.00000000    0.00000000    0.94500000
  6  1
  7  1
  8  1
  9  2
 10  2
