 SCF #           1  occupation of :
      2.00      2.00      2.00      2.00      2.00      2.00      2.00      2.00      2.00      2.00      2.00      0.00
 
 SCF #           2  occupation of :
      2.00      2.00      2.00      2.00      2.00      2.00      2.00      2.00      2.00      2.00      1.00      1.00
 
 SCF #           3  occupation of :
      2.00      2.00      2.00      2.00      2.00      2.00      2.00      2.00      2.00      1.00      2.00      1.00
 
 SCF #           4  occupation of :
      2.00      2.00      2.00      2.00      2.00      2.00      2.00      2.00      1.00      2.00      2.00      1.00
 
 SCF #           5  occupation of :
      2.00      2.00      2.00      2.00      2.00      2.00      2.00      1.00      2.00      2.00      2.00      1.00
 
 SCF #           6  occupation of :
      2.00      2.00      2.00      2.00      2.00      2.00      1.00      2.00      2.00      2.00      2.00      1.00
 
 SCF #           7  occupation of :
      2.00      2.00      2.00      2.00      2.00      1.00      2.00      2.00      2.00      2.00      2.00      1.00
 
 SCF #           8  occupation of :
      2.00      2.00      2.00      2.00      1.00      2.00      2.00      2.00      2.00      2.00      2.00      1.00
 
 SCF #           9  occupation of :
      2.00      2.00      2.00      1.00      2.00      2.00      2.00      2.00      2.00      2.00      2.00      1.00
 
 SCF #          10  occupation of :
      2.00      2.00      1.00      2.00      2.00      2.00      2.00      2.00      2.00      2.00      2.00      1.00
 
 SCF #          11  occupation of :
      2.00      1.00      2.00      2.00      2.00      2.00      2.00      2.00      2.00      2.00      2.00      1.00
 
 SCF #          12  occupation of :
      1.00      2.00      2.00      2.00      2.00      2.00      2.00      2.00      2.00      2.00      2.00      1.00
 
