 2mocoef
header
                     2
H2                                                                              
mo coefficients generated by scfpq                                              
                     1
                    10                    10
   a
mocoef
(1p4e20.12)                                                                     
  3.182589615829E-01  2.753976617247E-01  1.826240826803E-02  0.000000000000E+00
  0.000000000000E+00  3.182589615829E-01  2.753976617247E-01 -1.826240826803E-02
  0.000000000000E+00  0.000000000000E+00
  1.204178499292E-01  1.718476627584E+00  2.370880347654E-03  0.000000000000E+00
  0.000000000000E+00 -1.204178499292E-01 -1.718476627584E+00  2.370880347654E-03
  0.000000000000E+00  0.000000000000E+00
 -7.460816527891E-01  6.774057458888E-01 -3.578429001340E-02  0.000000000000E+00
  0.000000000000E+00 -7.460816527891E-01  6.774057458888E-01  3.578429001340E-02
  0.000000000000E+00  0.000000000000E+00
  8.820101546307E-01 -1.392468639395E+00 -2.815344940993E-01  0.000000000000E+00
  0.000000000000E+00 -8.820101546307E-01  1.392468639395E+00 -2.815344940993E-01
  0.000000000000E+00  0.000000000000E+00
  0.000000000000E+00  0.000000000000E+00  0.000000000000E+00  0.000000000000E+00
  6.107844608996E-01  0.000000000000E+00  0.000000000000E+00  0.000000000000E+00
  0.000000000000E+00  6.107844608996E-01
  0.000000000000E+00  0.000000000000E+00  0.000000000000E+00  6.107844608996E-01
  0.000000000000E+00  0.000000000000E+00  0.000000000000E+00  0.000000000000E+00
  6.107844608996E-01  0.000000000000E+00
 -3.861194114619E-01  1.865920084508E-01  6.474901300475E-01  0.000000000000E+00
  0.000000000000E+00 -3.861194114619E-01  1.865920084508E-01 -6.474901300475E-01
  0.000000000000E+00  0.000000000000E+00
  0.000000000000E+00  0.000000000000E+00  0.000000000000E+00 -8.705699288601E-01
  0.000000000000E+00  0.000000000000E+00  0.000000000000E+00  0.000000000000E+00
  8.705699288601E-01  0.000000000000E+00
  0.000000000000E+00  0.000000000000E+00  0.000000000000E+00  0.000000000000E+00
 -8.705699288601E-01  0.000000000000E+00  0.000000000000E+00  0.000000000000E+00
  0.000000000000E+00  8.705699288601E-01
  1.445535975474E+00  1.623553982863E-01  1.576528998802E+00  0.000000000000E+00
  0.000000000000E+00 -1.445535975474E+00 -1.623553982863E-01  1.576528998802E+00
  0.000000000000E+00  0.000000000000E+00
orbocc
(1p4e20.12)                                                                     
  2.000000000000E+00  0.000000000000E+00  0.000000000000E+00  0.000000000000E+00
  0.000000000000E+00  0.000000000000E+00  0.000000000000E+00  0.000000000000E+00
  0.000000000000E+00  0.000000000000E+00
energy
(1p4e20.12)                                                                     
 -5.946599653704E-01  2.393183886150E-01  7.715317313565E-01  1.309807740092E+00
  1.959217128643E+00  1.959217128643E+00  2.704590022580E+00  2.930152005075E+00
  2.930152005075E+00  4.530252850838E+00
