 2mocoef
header
                     2
test                                                                         
mo coefficients generated by scfpq                                              
                     1
                    18                    18
   a
mocoef
(1p4e20.12)                                                                     
 -7.037611749566E-01 -1.514688724154E-02  2.812385592094E-03 -1.287535780436E-03
  0.000000000000E+00  0.000000000000E+00  9.609140505506E-04  0.000000000000E+00
  0.000000000000E+00 -7.037251188864E-01 -1.514598703420E-02  2.811496161998E-03
  1.287391056451E-03  0.000000000000E+00  0.000000000000E+00 -9.605890253906E-04
  0.000000000000E+00  0.000000000000E+00
 -7.046853420227E-01 -1.760844255381E-02  1.744038447922E-02 -2.921073776341E-03
  0.000000000000E+00  0.000000000000E+00  6.401778008489E-03  0.000000000000E+00
  0.000000000000E+00  7.047213490698E-01  1.760921725412E-02 -1.744052786618E-02
 -2.921142740546E-03  0.000000000000E+00  0.000000000000E+00  6.401829087259E-03
  0.000000000000E+00  0.000000000000E+00
 -1.694888728751E-01  3.733850024378E-01  1.637001104505E-01  2.260736616654E-01
  0.000000000000E+00  0.000000000000E+00  1.953058688076E-03  0.000000000000E+00
  0.000000000000E+00 -1.694888518363E-01  3.733849283301E-01  1.636999285457E-01
 -2.260736506313E-01  0.000000000000E+00  0.000000000000E+00 -1.953000709962E-03
  0.000000000000E+00  0.000000000000E+00
  0.000000000000E+00  0.000000000000E+00  0.000000000000E+00  0.000000000000E+00
  0.000000000000E+00  4.849973701418E-01  0.000000000000E+00  0.000000000000E+00
  2.003371721789E-01  0.000000000000E+00  0.000000000000E+00  0.000000000000E+00
  0.000000000000E+00  0.000000000000E+00  4.849971980319E-01  0.000000000000E+00
  0.000000000000E+00  2.003370175993E-01
 -1.457215547186E-01  3.408072093955E-01  6.718412472567E-01 -1.780312735478E-01
  0.000000000000E+00  0.000000000000E+00 -1.020688895958E-02  0.000000000000E+00
  0.000000000000E+00  1.457215979426E-01 -3.408072681827E-01 -6.718414613064E-01
 -1.780314994323E-01  0.000000000000E+00  0.000000000000E+00 -1.020696559861E-02
  0.000000000000E+00  0.000000000000E+00
  0.000000000000E+00  0.000000000000E+00  0.000000000000E+00  0.000000000000E+00
  4.633951833296E-01  0.000000000000E+00  0.000000000000E+00  2.216687417845E-01
  0.000000000000E+00  0.000000000000E+00  0.000000000000E+00  0.000000000000E+00
  0.000000000000E+00  4.633948638574E-01  0.000000000000E+00  0.000000000000E+00
  2.216684713802E-01  0.000000000000E+00
  0.000000000000E+00  0.000000000000E+00  0.000000000000E+00  0.000000000000E+00
  0.000000000000E+00 -5.257442010999E-01  0.000000000000E+00  0.000000000000E+00
 -6.149856977884E-01  0.000000000000E+00  0.000000000000E+00  0.000000000000E+00
  0.000000000000E+00  0.000000000000E+00  5.257443389985E-01  0.000000000000E+00
  0.000000000000E+00  6.149857638966E-01
 -4.176252330899E-02  3.944519548442E-02  3.802166599643E-01 -4.384010288118E-01
  0.000000000000E+00  0.000000000000E+00 -2.416035712318E-01  0.000000000000E+00
  0.000000000000E+00 -4.176245611830E-02  3.944506621725E-02  3.802168146099E-01
  4.384009096983E-01  0.000000000000E+00  0.000000000000E+00  2.416032659817E-01
  0.000000000000E+00  0.000000000000E+00
  0.000000000000E+00  0.000000000000E+00  0.000000000000E+00  0.000000000000E+00
 -4.363283591395E-01  0.000000000000E+00  0.000000000000E+00 -7.660460674667E-01
  0.000000000000E+00  0.000000000000E+00  0.000000000000E+00  0.000000000000E+00
  0.000000000000E+00  4.363285214449E-01  0.000000000000E+00  0.000000000000E+00
  7.660462670270E-01  0.000000000000E+00
  9.293935272924E-02 -1.783380327250E-01 -5.569288126691E+00  2.502313078038E-02
  0.000000000000E+00  0.000000000000E+00 -3.183658973295E+00  0.000000000000E+00
  0.000000000000E+00 -9.293931762733E-02  1.783380096910E-01  5.569288341631E+00
  2.502261638630E-02  0.000000000000E+00  0.000000000000E+00 -3.183658096996E+00
  0.000000000000E+00  0.000000000000E+00
  2.904752431074E-02  2.757855364829E-01  3.976479748937E-02  4.651699727815E-01
  0.000000000000E+00  0.000000000000E+00 -1.058346876726E+00  0.000000000000E+00
  0.000000000000E+00  2.904759727319E-02  2.757853972639E-01  3.975997890629E-02
 -4.651698892900E-01  0.000000000000E+00  0.000000000000E+00  1.058349592779E+00
  0.000000000000E+00  0.000000000000E+00
  0.000000000000E+00  0.000000000000E+00  0.000000000000E+00  0.000000000000E+00
 -6.445108951930E-01  0.000000000000E+00  0.000000000000E+00  6.249059321179E-01
  0.000000000000E+00  0.000000000000E+00  0.000000000000E+00  0.000000000000E+00
  0.000000000000E+00 -6.445103162150E-01  0.000000000000E+00  0.000000000000E+00
  6.249048339609E-01  0.000000000000E+00
  0.000000000000E+00  0.000000000000E+00  0.000000000000E+00  0.000000000000E+00
  0.000000000000E+00 -6.284161552480E-01  0.000000000000E+00  0.000000000000E+00
  6.320675819333E-01  0.000000000000E+00  0.000000000000E+00  0.000000000000E+00
  0.000000000000E+00  0.000000000000E+00 -6.284155808003E-01  0.000000000000E+00
  0.000000000000E+00  6.320665206162E-01
 -4.387347740372E-02  1.054613431448E+00 -8.781141573696E-01 -2.748965863073E-01
  0.000000000000E+00  0.000000000000E+00  5.263109039370E-02  0.000000000000E+00
  0.000000000000E+00 -4.387350760697E-02  1.054613126856E+00 -8.781102652056E-01
  2.748962612803E-01  0.000000000000E+00  0.000000000000E+00 -5.263278678388E-02
  0.000000000000E+00  0.000000000000E+00
  0.000000000000E+00  0.000000000000E+00  0.000000000000E+00  0.000000000000E+00
  0.000000000000E+00  7.043102062366E-01  0.000000000000E+00  0.000000000000E+00
 -1.281478118132E+00  0.000000000000E+00  0.000000000000E+00  0.000000000000E+00
  0.000000000000E+00  0.000000000000E+00 -7.043107343637E-01  0.000000000000E+00
  0.000000000000E+00  1.281478634048E+00
  0.000000000000E+00  0.000000000000E+00  0.000000000000E+00  0.000000000000E+00
  7.629399176051E-01  0.000000000000E+00  0.000000000000E+00 -1.197316563763E+00
  0.000000000000E+00  0.000000000000E+00  0.000000000000E+00  0.000000000000E+00
  0.000000000000E+00 -7.629405079277E-01  0.000000000000E+00  0.000000000000E+00
  1.197317059298E+00  0.000000000000E+00
 -2.038627477072E-02 -7.106606372802E-01  5.283834455481E+00  7.469166210015E-01
  0.000000000000E+00  0.000000000000E+00  1.889480936542E+00  0.000000000000E+00
  0.000000000000E+00  2.038625662847E-02  7.106610947409E-01 -5.283834861231E+00
  7.469167909743E-01  0.000000000000E+00  0.000000000000E+00  1.889480830971E+00
  0.000000000000E+00  0.000000000000E+00
  3.861388469475E-02 -1.332608080424E+00  5.398088604007E+00 -8.088670635871E-01
  0.000000000000E+00  0.000000000000E+00  2.388411613618E+00  0.000000000000E+00
  0.000000000000E+00 -3.861388952865E-02  1.332608118963E+00 -5.398088621706E+00
 -8.088670989289E-01  0.000000000000E+00  0.000000000000E+00  2.388411654884E+00
  0.000000000000E+00  0.000000000000E+00
orbocc
(1p4e20.12)                                                                     
  2.000000000000E+00  2.000000000000E+00  2.000000000000E+00  2.000000000000E+00
  2.000000000000E+00  2.000000000000E+00  2.000000000000E+00  0.000000000000E+00
  0.000000000000E+00  0.000000000000E+00  0.000000000000E+00  0.000000000000E+00
  0.000000000000E+00  0.000000000000E+00  0.000000000000E+00  0.000000000000E+00
  0.000000000000E+00  0.000000000000E+00
energy
(1p4e20.12)                                                                     
 -1.570671572304E+01 -1.570241520731E+01 -1.556732183800E+00 -7.368466184071E-01
 -6.848950545794E-01 -6.661601009344E-01 -2.255904376432E-01 -2.079391985089E-01
  1.934083986621E-01  5.820700139555E-01  7.649726920700E-01  8.193846890332E-01
  8.270863096472E-01  9.684175169061E-01  9.881849000259E-01  1.027089341942E+00
  1.292944833405E+00  1.825427106495E+00
